0  2  3  4  5  6  7  8  1  10 11 12 13 14 15 16 9  18 19 20 21 22 23 24 17
14 1  20 11 10 18 9  17 4  21 15 7  19 16 5  13 24 0  3  6  22 2  12 8  23
23 5  2  13 20 19 11 18 10 16 0  4  7  15 3  21 1  9  14 24 8  12 17 6  22
16 19 6  3  22 13 12 20 11 15 18 23 9  1  21 10 7  2  17 0  5  8  24 4  14
17 20 12 7  4  15 22 21 13 23 3  10 0  6  1  9  5  8  24 11 16 18 2  14 19
10 22 13 21 8  5  24 15 14 12 1  9  20 17 11 3  23 6  16 4  19 0  7  2  18
19 23 15 22 14 1  6  9  24 11 7  17 5  12 0  8  3  16 21 2  18 13 10 20 4
12 9  16 24 15 23 2  7  18 5  17 14 3  11 22 19 13 4  20 8  10 6  21 0  1
21 11 18 17 9  24 16 3  8  2  5  13 1  19 7  14 0  22 6  10 23 4  20 15 12
22 0  11 14 6  10 20 16 7  9  4  19 18 2  17 1  12 5  23 15 3  24 13 21 8
7  17 22 8  16 20 1  14 6  13 10 21 4  3  19 2  18 24 0  12 15 23 11 5  9
24 10 1  0  13 16 8  12 22 3  14 11 6  21 20 4  19 23 2  7  17 9  5  18 15
1  16 8  19 24 2  10 22 3  4  20 15 12 23 6  5  21 7  11 18 0  14 9  17 13
18 14 24 12 3  0  15 10 2  6  21 5  16 13 8  23 22 20 9  17 4  1  19 11 7
3  24 5  10 2  21 18 4  12 7  23 6  22 9  14 17 8  19 15 1  13 20 0  16 11
20 12 4  16 18 14 5  0  9  17 24 8  23 7  10 15 2  13 1  22 11 19 6  3  21
5  6  14 18 7  12 4  23 20 19 2  1  17 8  24 11 16 10 13 21 9  3  15 22 0
6  13 7  23 11 8  21 5  16 0  19 22 14 18 4  24 15 17 12 3  2  10 1  9  20
15 8  0  20 23 7  19 13 17 1  6  16 24 4  9  22 14 21 18 5  12 11 3  10 2
8  7  10 15 1  17 13 2  23 18 9  0  21 24 16 20 6  11 22 19 14 5  4  12 3
9  15 19 2  0  22 17 1  21 24 16 3  8  10 18 6  11 12 4  23 20 7  14 13 5
2  4  17 1  12 9  3  19 15 22 8  20 11 0  23 18 10 14 5  13 24 21 16 7  6
11 3  23 9  21 4  0  24 19 8  13 18 10 5  2  12 20 15 7  14 6  17 22 1  16
4  21 9  6  19 3  14 11 5  20 12 24 2  22 13 0  17 1  8  16 7  15 18 23 10
13 18 21 5  17 11 23 6  0  14 22 2  15 20 12 7  4  3  10 9  1  16 8  19 24
